# Schedule for Tshwane municipality, from http://www.tshwane.gov.za/sites/Departments/Public-works-and-infrastructure/Pages/Load-Shedding.aspx
| 1:00   | 3:30  |
| Stage1 |       | 1  | 13 | 9  | 5  | 2  | 14 | 10 | 6  | 3  | 15 | 11 | 7  | 4  | 16 | 12 | 8  | 5  | 1  | 13 | 9  | 6  | 2  | 14 | 10 | 7  | 3  | 15 | 11 | 8  | 4  | 16 |
| Stage2 |       | 5  | 1  | 13 | 9  | 6  | 2  | 14 | 10 | 7  | 3  | 15 | 11 | 8  | 4  | 16 | 12 | 9  | 5  | 1  | 13 | 10 | 6  | 2  | 14 | 11 | 7  | 3  | 15 | 12 | 8  | 4  |
| Stage3 |       | 9  | 5  | 1  | 13 | 10 | 6  | 2  | 14 | 11 | 7  | 3  | 15 | 12 | 8  | 4  | 16 | 13 | 9  | 5  | 1  | 14 | 10 | 6  | 2  | 15 | 11 | 7  | 3  | 16 | 12 | 8  |
| Stage4 |       | 13 | 9  | 5  | 1  | 14 | 10 | 6  | 2  | 15 | 11 | 7  | 3  | 16 | 12 | 8  | 4  | 1  | 13 | 9  | 5  | 2  | 14 | 10 | 6  | 3  | 15 | 11 | 7  | 4  | 16 | 12 |
| Stage5 |       | 11 | 12 | 8  | 4  | 16 | 13 | 9  | 5  | 1  | 14 | 10 | 6  | 2  | 15 | 11 | 7  | 3  | 16 | 12 | 8  | 4  | 1  | 13 | 9  | 5  | 2  | 14 | 10 | 6  | 3  | 15 |
| Stage6 |       | 15 | 16 | 12 | 8  | 4  | 1  | 13 | 9  | 5  | 2  | 14 | 10 | 6  | 3  | 15 | 11 | 7  | 4  | 16 | 12 | 8  | 5  | 1  | 13 | 9  | 6  | 2  | 14 | 10 | 7  | 3  |
| Stage7 |       | 3  | 4  | 16 | 12 | 8  | 5  | 1  | 13 | 9  | 6  | 2  | 14 | 10 | 7  | 3  | 15 | 11 | 8  | 4  | 16 | 12 | 9  | 5  | 1  | 13 | 10 | 6  | 2  | 14 | 11 | 7  |
| Stage8 |       | 7  | 8  | 4  | 16 | 12 | 9  | 5  | 1  | 13 | 10 | 6  | 2  | 14 | 11 | 7  | 3  | 15 | 12 | 8  | 4  | 16 | 13 | 9  | 5  | 1  | 14 | 10 | 6  | 2  | 15 | 11 |
|--------+-------+----+----+----+----+----+----+----+----+----+----+----+----+----+----+----+----+----+----+----+----+----+----+----+----+----+----+----+----+----+----+----|
| 3:00   | 5:30  |
| Stage1 |       | 2  | 14 | 10 | 6  | 3  | 15 | 11 | 7  | 4  | 16 | 12 | 8  | 5  | 1  | 13 | 9  | 6  | 2  | 14 | 10 | 7  | 3  | 15 | 11 | 8  | 4  | 16 | 12 | 9  | 5  | 1  |
| Stage2 |       | 6  | 2  | 14 | 10 | 7  | 3  | 15 | 11 | 8  | 4  | 16 | 12 | 9  | 5  | 1  | 13 | 10 | 6  | 2  | 14 | 11 | 7  | 3  | 15 | 12 | 8  | 4  | 16 | 13 | 9  | 5  |
| Stage3 |       | 10 | 6  | 2  | 14 | 11 | 7  | 3  | 15 | 12 | 8  | 4  | 16 | 13 | 9  | 5  | 1  | 14 | 10 | 6  | 2  | 15 | 11 | 7  | 3  | 16 | 12 | 8  | 4  | 1  | 13 | 9  |
| Stage4 |       | 14 | 10 | 6  | 2  | 15 | 11 | 7  | 3  | 16 | 12 | 8  | 4  | 1  | 13 | 9  | 5  | 2  | 14 | 10 | 6  | 3  | 15 | 11 | 7  | 4  | 16 | 12 | 8  | 5  | 1  | 13 |
| Stage5 |       | 1  | 13 | 9  | 5  | 2  | 14 | 10 | 6  | 3  | 15 | 11 | 7  | 4  | 16 | 12 | 8  | 5  | 1  | 13 | 9  | 6  | 2  | 14 | 10 | 7  | 3  | 15 | 11 | 8  | 4  | 16 |
| Stage6 |       | 5  | 1  | 13 | 9  | 6  | 2  | 14 | 10 | 7  | 3  | 15 | 11 | 8  | 4  | 16 | 12 | 9  | 5  | 1  | 13 | 10 | 6  | 2  | 14 | 11 | 7  | 3  | 15 | 12 | 8  | 4  |
| Stage7 |       | 9  | 5  | 1  | 13 | 10 | 6  | 2  | 14 | 11 | 7  | 3  | 15 | 12 | 8  | 4  | 16 | 13 | 9  | 5  | 1  | 14 | 10 | 6  | 2  | 15 | 11 | 7  | 3  | 16 | 12 | 8  |
| Stage8 |       | 13 | 9  | 5  | 1  | 14 | 10 | 6  | 2  | 15 | 11 | 7  | 3  | 16 | 12 | 8  | 4  | 1  | 13 | 9  | 5  | 2  | 14 | 10 | 6  | 3  | 15 | 11 | 7  | 4  | 16 | 12 |
|--------+-------+----+----+----+----+----+----+----+----+----+----+----+----+----+----+----+----+----+----+----+----+----+----+----+----+----+----+----+----+----+----+----|
| 5:00   | 7:30  |
| Stage1 |       | 3  | 15 | 11 | 7  | 4  | 16 | 12 | 8  | 5  | 1  | 13 | 9  | 6  | 2  | 14 | 10 | 7  | 3  | 15 | 11 | 8  | 4  | 16 | 12 | 9  | 5  | 1  | 13 | 10 | 6  | 2  |
| Stage2 |       | 7  | 3  | 15 | 11 | 8  | 4  | 16 | 12 | 9  | 5  | 1  | 13 | 10 | 6  | 2  | 14 | 11 | 7  | 3  | 15 | 12 | 8  | 4  | 16 | 13 | 9  | 5  | 1  | 14 | 10 | 6  |
| Stage3 |       | 11 | 7  | 3  | 15 | 12 | 8  | 4  | 16 | 13 | 9  | 5  | 1  | 14 | 10 | 6  | 2  | 15 | 11 | 7  | 3  | 16 | 12 | 8  | 4  | 1  | 13 | 9  | 5  | 2  | 14 | 10 |
| Stage4 |       | 15 | 11 | 7  | 3  | 16 | 12 | 8  | 4  | 1  | 13 | 9  | 5  | 2  | 14 | 10 | 6  | 3  | 15 | 11 | 7  | 4  | 16 | 12 | 8  | 5  | 1  | 13 | 9  | 6  | 2  | 14 |
| Stage5 |       | 2  | 14 | 10 | 6  | 3  | 15 | 11 | 7  | 4  | 16 | 12 | 8  | 5  | 1  | 13 | 9  | 6  | 2  | 14 | 10 | 7  | 3  | 15 | 11 | 8  | 4  | 16 | 12 | 9  | 5  | 1  |
| Stage6 |       | 6  | 2  | 14 | 10 | 7  | 3  | 15 | 11 | 8  | 4  | 16 | 12 | 9  | 5  | 1  | 13 | 10 | 6  | 2  | 14 | 11 | 7  | 3  | 15 | 12 | 8  | 4  | 16 | 13 | 9  | 5  |
| Stage7 |       | 10 | 6  | 2  | 14 | 11 | 7  | 3  | 15 | 12 | 8  | 4  | 16 | 13 | 9  | 5  | 1  | 14 | 10 | 6  | 2  | 15 | 11 | 7  | 3  | 16 | 12 | 8  | 4  | 1  | 13 | 9  |
| Stage8 |       | 14 | 10 | 6  | 2  | 15 | 11 | 7  | 3  | 16 | 12 | 8  | 4  | 1  | 13 | 9  | 5  | 2  | 14 | 10 | 6  | 3  | 15 | 11 | 7  | 4  | 16 | 12 | 8  | 5  | 1  | 13 |
|--------+-------+----+----+----+----+----+----+----+----+----+----+----+----+----+----+----+----+----+----+----+----+----+----+----+----+----+----+----+----+----+----+----|
| 7:00   | 9:30  |
| Stage1 |       | 4  | 16 | 12 | 8  | 5  | 1  | 13 | 9  | 6  | 2  | 14 | 10 | 7  | 3  | 15 | 11 | 8  | 4  | 16 | 12 | 9  | 5  | 1  | 13 | 10 | 6  | 2  | 14 | 11 | 7  | 3  |
| Stage2 |       | 8  | 4  | 16 | 12 | 9  | 5  | 1  | 13 | 10 | 6  | 2  | 14 | 11 | 7  | 3  | 15 | 12 | 8  | 4  | 16 | 13 | 9  | 5  | 1  | 14 | 10 | 6  | 2  | 15 | 11 | 7  |
| Stage3 |       | 12 | 8  | 4  | 16 | 13 | 9  | 5  | 1  | 14 | 10 | 6  | 2  | 15 | 11 | 7  | 3  | 16 | 12 | 8  | 4  | 1  | 13 | 9  | 5  | 2  | 14 | 10 | 6  | 3  | 15 | 11 |
| Stage4 |       | 16 | 12 | 8  | 4  | 1  | 13 | 9  | 5  | 2  | 14 | 10 | 6  | 3  | 15 | 11 | 7  | 4  | 16 | 12 | 8  | 5  | 1  | 13 | 9  | 6  | 2  | 14 | 10 | 7  | 3  | 15 |
| Stage5 |       | 3  | 15 | 11 | 7  | 4  | 16 | 12 | 8  | 5  | 1  | 13 | 9  | 6  | 2  | 14 | 10 | 7  | 3  | 15 | 11 | 8  | 4  | 16 | 12 | 9  | 5  | 1  | 13 | 10 | 6  | 2  |
| Stage6 |       | 7  | 3  | 15 | 11 | 8  | 4  | 16 | 12 | 9  | 5  | 1  | 13 | 10 | 6  | 2  | 14 | 11 | 7  | 3  | 15 | 12 | 8  | 4  | 16 | 13 | 9  | 5  | 1  | 14 | 10 | 6  |
| Stage7 |       | 11 | 7  | 3  | 15 | 12 | 8  | 4  | 16 | 13 | 9  | 5  | 1  | 14 | 10 | 6  | 2  | 15 | 11 | 7  | 3  | 16 | 12 | 8  | 4  | 1  | 13 | 9  | 5  | 2  | 14 | 10 |
| Stage8 |       | 15 | 11 | 7  | 3  | 16 | 12 | 8  | 4  | 1  | 13 | 9  | 5  | 2  | 14 | 10 | 6  | 3  | 15 | 11 | 7  | 4  | 16 | 12 | 8  | 5  | 1  | 13 | 9  | 6  | 2  | 14 |
|--------+-------+----+----+----+----+----+----+----+----+----+----+----+----+----+----+----+----+----+----+----+----+----+----+----+----+----+----+----+----+----+----+----|
| 9:00   | 11:30 |
| Stage1 |       | 5  | 1  | 13 | 9  | 6  | 2  | 14 | 10 | 7  | 3  | 15 | 11 | 8  | 4  | 16 | 12 | 9  | 5  | 1  | 13 | 10 | 6  | 2  | 14 | 11 | 7  | 3  | 15 | 12 | 8  | 4  |
| Stage2 |       | 9  | 5  | 1  | 13 | 10 | 6  | 2  | 14 | 11 | 7  | 3  | 15 | 12 | 8  | 4  | 16 | 13 | 9  | 5  | 1  | 14 | 10 | 6  | 2  | 15 | 11 | 7  | 3  | 16 | 12 | 8  |
| Stage3 |       | 13 | 9  | 5  | 1  | 14 | 10 | 6  | 2  | 15 | 11 | 7  | 3  | 16 | 12 | 8  | 4  | 1  | 13 | 9  | 5  | 2  | 14 | 10 | 6  | 3  | 15 | 11 | 7  | 4  | 16 | 12 |
| Stage4 |       | 1  | 13 | 9  | 5  | 2  | 14 | 10 | 6  | 3  | 15 | 11 | 7  | 4  | 16 | 12 | 8  | 5  | 1  | 13 | 9  | 6  | 2  | 14 | 10 | 7  | 3  | 15 | 11 | 8  | 4  | 16 |
| Stage5 |       | 4  | 16 | 12 | 8  | 5  | 1  | 13 | 9  | 6  | 2  | 14 | 10 | 7  | 3  | 15 | 11 | 8  | 4  | 16 | 12 | 9  | 5  | 1  | 13 | 10 | 6  | 2  | 14 | 11 | 7  | 3  |
| Stage6 |       | 8  | 4  | 16 | 12 | 9  | 5  | 1  | 13 | 10 | 6  | 2  | 14 | 11 | 7  | 3  | 15 | 12 | 8  | 4  | 16 | 13 | 9  | 5  | 1  | 14 | 10 | 6  | 2  | 15 | 11 | 7  |
| Stage7 |       | 12 | 8  | 4  | 16 | 13 | 9  | 5  | 1  | 14 | 10 | 6  | 2  | 15 | 11 | 7  | 3  | 16 | 12 | 8  | 4  | 1  | 13 | 9  | 5  | 2  | 14 | 10 | 6  | 3  | 15 | 11 |
| Stage8 |       | 16 | 12 | 8  | 4  | 1  | 13 | 9  | 5  | 2  | 14 | 10 | 6  | 3  | 15 | 11 | 7  | 4  | 16 | 12 | 8  | 5  | 1  | 13 | 9  | 6  | 2  | 14 | 10 | 7  | 3  | 15 |
|--------+-------+----+----+----+----+----+----+----+----+----+----+----+----+----+----+----+----+----+----+----+----+----+----+----+----+----+----+----+----+----+----+----|
| 11:00  | 13:30 |
| Stage1 |       | 6  | 2  | 14 | 10 | 7  | 3  | 15 | 11 | 8  | 4  | 16 | 12 | 9  | 5  | 1  | 13 | 10 | 6  | 2  | 14 | 11 | 7  | 3  | 15 | 12 | 8  | 4  | 16 | 13 | 9  | 5  |
| Stage2 |       | 10 | 6  | 2  | 14 | 11 | 7  | 3  | 15 | 12 | 8  | 4  | 16 | 13 | 9  | 5  | 1  | 14 | 10 | 6  | 2  | 15 | 11 | 7  | 3  | 16 | 12 | 8  | 4  | 1  | 13 | 9  |
| Stage3 |       | 14 | 10 | 6  | 2  | 15 | 11 | 7  | 3  | 16 | 12 | 8  | 4  | 1  | 13 | 9  | 5  | 2  | 14 | 10 | 6  | 3  | 15 | 11 | 7  | 4  | 16 | 12 | 8  | 5  | 1  | 13 |
| Stage4 |       | 2  | 14 | 10 | 6  | 3  | 15 | 11 | 7  | 4  | 16 | 12 | 8  | 5  | 1  | 13 | 9  | 6  | 2  | 14 | 10 | 7  | 3  | 15 | 11 | 8  | 4  | 16 | 12 | 9  | 5  | 1  |
| Stage5 |       | 5  | 1  | 13 | 9  | 6  | 2  | 14 | 10 | 7  | 3  | 15 | 11 | 8  | 4  | 16 | 12 | 9  | 5  | 1  | 13 | 10 | 6  | 2  | 14 | 11 | 7  | 3  | 15 | 12 | 8  | 4  |
| Stage6 |       | 9  | 5  | 1  | 13 | 10 | 6  | 2  | 14 | 11 | 7  | 3  | 15 | 12 | 8  | 4  | 16 | 13 | 9  | 5  | 1  | 14 | 10 | 6  | 2  | 15 | 11 | 7  | 3  | 16 | 12 | 8  |
| Stage7 |       | 13 | 9  | 5  | 1  | 14 | 10 | 6  | 2  | 15 | 11 | 7  | 3  | 16 | 12 | 8  | 4  | 1  | 13 | 9  | 5  | 2  | 14 | 10 | 6  | 3  | 15 | 11 | 7  | 4  | 16 | 12 |
| Stage8 |       | 1  | 13 | 9  | 5  | 2  | 14 | 10 | 6  | 3  | 15 | 11 | 7  | 4  | 16 | 12 | 8  | 5  | 1  | 13 | 9  | 6  | 2  | 14 | 10 | 7  | 3  | 15 | 11 | 8  | 4  | 16 |
|--------+-------+----+----+----+----+----+----+----+----+----+----+----+----+----+----+----+----+----+----+----+----+----+----+----+----+----+----+----+----+----+----+----|
| 13:00  | 15:30 |
| Stage1 |       | 7  | 3  | 15 | 11 | 8  | 4  | 16 | 12 | 9  | 5  | 1  | 13 | 10 | 6  | 2  | 14 | 11 | 7  | 3  | 15 | 12 | 8  | 4  | 16 | 13 | 9  | 5  | 1  | 14 | 10 | 6  |
| Stage2 |       | 11 | 7  | 3  | 15 | 12 | 8  | 4  | 16 | 13 | 9  | 5  | 1  | 14 | 10 | 6  | 2  | 15 | 11 | 7  | 3  | 16 | 12 | 8  | 4  | 1  | 13 | 9  | 5  | 2  | 14 | 10 |
| Stage3 |       | 15 | 11 | 7  | 3  | 16 | 12 | 8  | 4  | 1  | 13 | 9  | 5  | 2  | 14 | 10 | 6  | 3  | 15 | 11 | 7  | 4  | 16 | 12 | 8  | 5  | 1  | 13 | 9  | 6  | 2  | 14 |
| Stage4 |       | 3  | 15 | 11 | 7  | 4  | 16 | 12 | 8  | 5  | 1  | 13 | 9  | 6  | 2  | 14 | 10 | 7  | 3  | 15 | 11 | 8  | 4  | 16 | 12 | 9  | 5  | 1  | 13 | 10 | 6  | 2  |
| Stage5 |       | 6  | 2  | 14 | 10 | 7  | 3  | 15 | 11 | 8  | 4  | 16 | 12 | 9  | 5  | 1  | 13 | 10 | 6  | 2  | 14 | 11 | 7  | 3  | 15 | 12 | 8  | 4  | 16 | 13 | 9  | 5  |
| Stage6 |       | 10 | 6  | 2  | 14 | 11 | 7  | 3  | 15 | 12 | 8  | 4  | 16 | 13 | 9  | 5  | 1  | 14 | 10 | 6  | 2  | 15 | 11 | 7  | 3  | 16 | 12 | 8  | 4  | 1  | 13 | 9  |
| Stage7 |       | 14 | 10 | 6  | 2  | 15 | 11 | 7  | 3  | 16 | 12 | 8  | 4  | 1  | 13 | 9  | 5  | 2  | 14 | 10 | 6  | 3  | 15 | 11 | 7  | 4  | 16 | 12 | 8  | 5  | 1  | 13 |
| Stage8 |       | 2  | 14 | 10 | 6  | 3  | 15 | 11 | 7  | 4  | 16 | 12 | 8  | 5  | 1  | 13 | 9  | 6  | 2  | 14 | 10 | 7  | 3  | 15 | 11 | 8  | 4  | 16 | 12 | 9  | 5  | 1  |
|--------+-------+----+----+----+----+----+----+----+----+----+----+----+----+----+----+----+----+----+----+----+----+----+----+----+----+----+----+----+----+----+----+----|
| 15:00  | 17:30 |
| Stage1 |       | 8  | 4  | 16 | 12 | 9  | 5  | 1  | 13 | 10 | 6  | 2  | 14 | 11 | 7  | 3  | 15 | 12 | 8  | 4  | 16 | 13 | 9  | 5  | 1  | 14 | 10 | 6  | 2  | 15 | 11 | 7  |
| Stage2 |       | 12 | 8  | 4  | 16 | 13 | 9  | 5  | 1  | 14 | 10 | 6  | 2  | 15 | 11 | 7  | 3  | 16 | 12 | 8  | 4  | 1  | 13 | 9  | 5  | 2  | 14 | 10 | 6  | 3  | 15 | 11 |
| Stage3 |       | 16 | 12 | 8  | 4  | 1  | 13 | 9  | 5  | 2  | 14 | 10 | 6  | 3  | 15 | 11 | 7  | 4  | 16 | 12 | 8  | 5  | 1  | 13 | 9  | 6  | 2  | 14 | 10 | 7  | 3  | 15 |
| Stage4 |       | 4  | 16 | 12 | 8  | 5  | 1  | 13 | 9  | 6  | 2  | 14 | 10 | 7  | 3  | 15 | 11 | 8  | 4  | 16 | 12 | 9  | 5  | 1  | 13 | 10 | 6  | 2  | 14 | 11 | 7  | 3  |
| Stage5 |       | 7  | 3  | 15 | 11 | 8  | 4  | 16 | 12 | 9  | 5  | 1  | 13 | 10 | 6  | 2  | 14 | 11 | 7  | 3  | 15 | 12 | 8  | 4  | 16 | 13 | 9  | 5  | 1  | 14 | 10 | 6  |
| Stage6 |       | 11 | 7  | 3  | 15 | 12 | 8  | 4  | 16 | 13 | 9  | 5  | 1  | 14 | 10 | 6  | 2  | 15 | 11 | 7  | 3  | 16 | 12 | 8  | 4  | 1  | 13 | 9  | 5  | 2  | 14 | 10 |
| Stage7 |       | 15 | 11 | 7  | 3  | 16 | 12 | 8  | 4  | 1  | 13 | 9  | 5  | 2  | 14 | 10 | 6  | 3  | 15 | 11 | 7  | 4  | 16 | 12 | 8  | 5  | 1  | 13 | 9  | 6  | 2  | 14 |
| Stage8 |       | 3  | 15 | 11 | 7  | 4  | 16 | 12 | 8  | 5  | 1  | 13 | 9  | 6  | 2  | 14 | 10 | 7  | 3  | 15 | 11 | 8  | 4  | 16 | 12 | 9  | 5  | 1  | 13 | 10 | 6  | 2  |
|--------+-------+----+----+----+----+----+----+----+----+----+----+----+----+----+----+----+----+----+----+----+----+----+----+----+----+----+----+----+----+----+----+----|
| 17:00  | 19:30 |
| Stage1 |       | 9  | 5  | 1  | 13 | 10 | 6  | 2  | 14 | 11 | 7  | 3  | 15 | 12 | 8  | 4  | 16 | 13 | 9  | 5  | 1  | 14 | 10 | 6  | 2  | 15 | 11 | 7  | 3  | 16 | 12 | 8  |
| Stage2 |       | 13 | 9  | 5  | 1  | 14 | 10 | 6  | 2  | 15 | 11 | 7  | 3  | 16 | 12 | 8  | 4  | 1  | 13 | 9  | 5  | 2  | 14 | 10 | 6  | 3  | 15 | 11 | 7  | 4  | 16 | 12 |
| Stage3 |       | 1  | 13 | 9  | 5  | 2  | 14 | 10 | 6  | 3  | 15 | 11 | 7  | 4  | 16 | 12 | 8  | 5  | 1  | 13 | 9  | 6  | 2  | 14 | 10 | 7  | 3  | 15 | 11 | 8  | 4  | 16 |
| Stage4 |       | 5  | 1  | 13 | 9  | 6  | 2  | 14 | 10 | 7  | 3  | 15 | 11 | 8  | 4  | 16 | 12 | 9  | 5  | 1  | 13 | 10 | 6  | 2  | 14 | 11 | 7  | 3  | 15 | 12 | 8  | 4  |
| Stage5 |       | 8  | 4  | 16 | 12 | 9  | 5  | 1  | 13 | 10 | 6  | 2  | 14 | 11 | 7  | 3  | 15 | 12 | 8  | 4  | 16 | 13 | 9  | 5  | 1  | 14 | 10 | 6  | 2  | 15 | 11 | 7  |
| Stage6 |       | 12 | 8  | 4  | 16 | 13 | 9  | 5  | 1  | 14 | 10 | 6  | 2  | 15 | 11 | 7  | 3  | 16 | 12 | 8  | 4  | 1  | 13 | 9  | 5  | 2  | 14 | 10 | 6  | 3  | 15 | 11 |
| Stage7 |       | 16 | 12 | 8  | 4  | 1  | 13 | 9  | 5  | 2  | 14 | 10 | 6  | 3  | 15 | 11 | 7  | 4  | 16 | 12 | 8  | 5  | 1  | 13 | 9  | 6  | 2  | 14 | 10 | 7  | 3  | 15 |
| Stage8 |       | 4  | 16 | 12 | 8  | 5  | 1  | 13 | 9  | 6  | 2  | 14 | 10 | 7  | 3  | 15 | 11 | 8  | 4  | 16 | 12 | 9  | 5  | 1  | 13 | 10 | 6  | 2  | 14 | 11 | 7  | 3  |
|--------+-------+----+----+----+----+----+----+----+----+----+----+----+----+----+----+----+----+----+----+----+----+----+----+----+----+----+----+----+----+----+----+----|
| 19:00  | 21:30 |
| Stage1 |       | 10 | 6  | 2  | 14 | 11 | 7  | 3  | 15 | 12 | 8  | 4  | 16 | 13 | 9  | 5  | 1  | 14 | 10 | 6  | 2  | 15 | 11 | 7  | 3  | 16 | 12 | 8  | 4  | 1  | 13 | 9  |
| Stage2 |       | 14 | 10 | 6  | 2  | 15 | 11 | 7  | 3  | 16 | 12 | 8  | 4  | 1  | 13 | 9  | 5  | 2  | 14 | 10 | 6  | 3  | 15 | 11 | 7  | 4  | 16 | 12 | 8  | 5  | 1  | 13 |
| Stage3 |       | 2  | 14 | 10 | 6  | 3  | 15 | 11 | 7  | 4  | 16 | 12 | 8  | 5  | 1  | 13 | 9  | 6  | 2  | 14 | 10 | 7  | 3  | 15 | 11 | 8  | 4  | 16 | 12 | 9  | 5  | 1  |
| Stage4 |       | 6  | 2  | 14 | 10 | 7  | 3  | 15 | 11 | 8  | 4  | 16 | 12 | 9  | 5  | 1  | 13 | 10 | 6  | 2  | 14 | 11 | 7  | 3  | 15 | 12 | 8  | 4  | 16 | 13 | 9  | 5  |
| Stage5 |       | 9  | 5  | 1  | 13 | 10 | 6  | 2  | 14 | 11 | 7  | 3  | 15 | 12 | 8  | 4  | 16 | 13 | 9  | 5  | 1  | 14 | 10 | 6  | 2  | 15 | 11 | 7  | 3  | 16 | 12 | 8  |
| Stage6 |       | 13 | 9  | 5  | 1  | 14 | 10 | 6  | 2  | 15 | 11 | 7  | 3  | 16 | 12 | 8  | 4  | 1  | 13 | 9  | 5  | 2  | 14 | 10 | 6  | 3  | 15 | 11 | 7  | 4  | 16 | 12 |
| Stage7 |       | 1  | 13 | 9  | 5  | 2  | 14 | 10 | 6  | 3  | 15 | 11 | 7  | 4  | 16 | 12 | 8  | 5  | 1  | 13 | 9  | 6  | 2  | 14 | 10 | 7  | 3  | 15 | 11 | 8  | 4  | 16 |
| Stage8 |       | 5  | 1  | 13 | 9  | 6  | 2  | 14 | 10 | 7  | 3  | 15 | 11 | 8  | 4  | 16 | 12 | 9  | 5  | 1  | 13 | 10 | 6  | 2  | 14 | 11 | 7  | 3  | 15 | 12 | 8  | 4  |
|--------+-------+----+----+----+----+----+----+----+----+----+----+----+----+----+----+----+----+----+----+----+----+----+----+----+----+----+----+----+----+----+----+----|
| 21:00  | 23:30 |
| Stage1 |       | 11 | 7  | 3  | 15 | 12 | 8  | 4  | 16 | 13 | 9  | 5  | 1  | 14 | 10 | 6  | 2  | 15 | 11 | 7  | 3  | 16 | 12 | 8  | 4  | 1  | 13 | 9  | 5  | 2  | 14 | 10 |
| Stage2 |       | 15 | 11 | 7  | 3  | 16 | 12 | 8  | 4  | 1  | 13 | 9  | 5  | 2  | 14 | 10 | 6  | 3  | 15 | 11 | 7  | 4  | 16 | 12 | 8  | 5  | 1  | 13 | 9  | 6  | 2  | 14 |
| Stage3 |       | 3  | 15 | 11 | 7  | 4  | 16 | 12 | 8  | 5  | 1  | 13 | 9  | 6  | 2  | 14 | 10 | 7  | 3  | 15 | 11 | 8  | 4  | 16 | 12 | 9  | 5  | 1  | 13 | 10 | 6  | 2  |
| Stage4 |       | 7  | 3  | 15 | 11 | 8  | 4  | 16 | 12 | 9  | 5  | 1  | 13 | 10 | 6  | 2  | 14 | 11 | 7  | 3  | 15 | 12 | 8  | 4  | 16 | 13 | 9  | 5  | 1  | 14 | 10 | 6  |
| Stage5 |       | 10 | 6  | 2  | 14 | 11 | 7  | 3  | 15 | 12 | 8  | 4  | 16 | 13 | 9  | 5  | 1  | 14 | 10 | 6  | 2  | 15 | 11 | 7  | 3  | 16 | 12 | 8  | 4  | 1  | 13 | 9  |
| Stage6 |       | 14 | 10 | 6  | 2  | 15 | 11 | 7  | 3  | 16 | 12 | 8  | 4  | 1  | 13 | 9  | 5  | 2  | 14 | 10 | 6  | 3  | 15 | 11 | 7  | 4  | 16 | 12 | 8  | 5  | 1  | 13 |
| Stage7 |       | 2  | 14 | 10 | 6  | 3  | 15 | 11 | 7  | 4  | 16 | 12 | 8  | 5  | 1  | 13 | 9  | 6  | 2  | 14 | 10 | 7  | 3  | 15 | 11 | 8  | 4  | 16 | 12 | 9  | 5  | 1  |
| Stage8 |       | 6  | 2  | 14 | 10 | 7  | 3  | 15 | 11 | 8  | 4  | 16 | 12 | 9  | 5  | 1  | 13 | 10 | 6  | 2  | 14 | 11 | 7  | 3  | 15 | 12 | 8  | 4  | 16 | 13 | 9  | 5  |
|--------+-------+----+----+----+----+----+----+----+----+----+----+----+----+----+----+----+----+----+----+----+----+----+----+----+----+----+----+----+----+----+----+----|
| 23:00  | 1:30  |
| Stage1 |       | 12 | 8  | 4  | 16 | 13 | 9  | 5  | 1  | 14 | 10 | 6  | 2  | 15 | 11 | 7  | 3  | 16 | 12 | 8  | 4  | 1  | 13 | 9  | 5  | 2  | 14 | 10 | 6  | 3  | 15 | 11 |
| Stage2 |       | 16 | 12 | 8  | 4  | 1  | 13 | 9  | 5  | 2  | 14 | 10 | 6  | 3  | 15 | 11 | 7  | 4  | 16 | 12 | 8  | 5  | 1  | 13 | 9  | 6  | 2  | 14 | 10 | 7  | 3  | 15 |
| Stage3 |       | 4  | 16 | 12 | 8  | 5  | 1  | 13 | 9  | 6  | 2  | 14 | 10 | 7  | 3  | 15 | 11 | 8  | 4  | 16 | 12 | 9  | 5  | 1  | 13 | 10 | 6  | 2  | 14 | 11 | 7  | 3  |
| Stage4 |       | 8  | 4  | 16 | 12 | 9  | 5  | 1  | 13 | 10 | 6  | 2  | 14 | 11 | 7  | 3  | 15 | 12 | 8  | 4  | 16 | 13 | 9  | 5  | 1  | 14 | 10 | 6  | 2  | 15 | 11 | 7  |
| Stage5 |       | 11 | 7  | 3  | 15 | 12 | 8  | 4  | 16 | 13 | 9  | 5  | 1  | 14 | 10 | 6  | 2  | 15 | 11 | 7  | 3  | 16 | 12 | 8  | 4  | 1  | 13 | 9  | 5  | 2  | 14 | 10 |
| Stage6 |       | 15 | 11 | 7  | 3  | 16 | 12 | 8  | 4  | 1  | 13 | 9  | 5  | 2  | 14 | 10 | 6  | 3  | 15 | 11 | 7  | 4  | 16 | 12 | 8  | 5  | 1  | 13 | 9  | 6  | 2  | 14 |
| Stage7 |       | 3  | 15 | 11 | 7  | 4  | 16 | 12 | 8  | 5  | 1  | 13 | 9  | 6  | 2  | 14 | 10 | 7  | 3  | 15 | 11 | 8  | 4  | 16 | 12 | 9  | 5  | 1  | 13 | 10 | 6  | 2  |
| Stage8 |       | 7  | 3  | 15 | 11 | 8  | 4  | 16 | 12 | 9  | 5  | 1  | 13 | 10 | 6  | 2  | 14 | 11 | 7  | 3  | 15 | 12 | 8  | 4  | 16 | 13 | 9  | 5  | 1  | 14 | 10 | 6  |

